1977.369913
1007.829501
502.250406
245.986511
113.181873
44.667428
12.260638
1.465290
4.084540
14.407646
27.990688
41.979370
54.596530
64.874725
72.502488
77.657141
80.718714
82.105502
82.215812
81.403092
79.939838
77.974134
75.770893
73.512170
71.198541
68.921022
66.627408
64.309134
63.451152
61.352124
60.658320
58.707724
56.742185
54.471757
52.418062
50.539453
49.063476
47.669915
46.426434
45.747009
44.297959
43.009579
42.141039
41.004357
40.452181
39.535662
38.377293
37.629366
36.785711
35.807455
34.165388
33.355578
32.974930
32.241085
31.876815
31.213316
30.620712
29.870066
29.832195
30.493289
30.279027
29.736034
28.163148
27.232421
26.224204
25.430149
24.377984
23.509208
22.668065
21.825700
21.063292
20.355766
19.788771
18.991911
18.264037
17.489348
17.033547
16.215022
15.726941
15.261242
14.912245
14.383547
13.827332
13.360944
12.889348
12.421940
12.308461
11.808606
11.480653
11.063260
10.626434
10.244083
9.860579
9.458562
9.075393
8.695354
8.349509
8.003377
7.673442
7.358005
7.050980
6.764170
6.480430
6.232414
5.992558
5.758659
5.532298
5.329937
5.154168
4.973929
4.812826
4.658130
4.515594
4.386052
4.264802
4.150295
4.044419
3.946965
3.858877
3.779253
3.707826
3.643657
3.586366
3.535380
3.490670
3.451064
3.416532
3.386845
3.361500
3.339783
3.321066
3.306486
3.289374
3.268008
3.249386
3.234168
3.220679
3.208442
3.197607
3.191875
3.191611
3.190476
3.190200
3.190910
3.188973
3.193269
3.190088
3.187180
3.186110
3.186961
3.182708
3.188291
3.187500
3.181789
3.182875
3.183184
3.181339
3.179557
3.181271
3.183207
3.184960
3.180537
3.185115
3.180337
3.185022
3.176037
3.178643
3.178856
3.179503
3.183033
3.177557
3.183533
3.175873
3.180614
3.173570
3.174653
3.174854
3.329638
3.333130
3.329844
3.330084
3.323010
3.333413
3.330684
3.331605
3.332845
3.332304
3.328711
3.327179
3.326883
3.331724
3.325470
3.327509
3.323446
3.320785
3.319715
3.327827
3.321579
3.332799
3.323482
