1977.369913
1509.145653
1171.693955
880.035080
650.938418
476.316816
344.163663
244.228123
168.871862
112.437396
70.824596
41.034157
20.793857
8.313530
2.194670
1.324463
4.573792
9.492295
14.241268
18.079207
20.803126
22.322135
23.374146
23.802706
23.798504
23.496584
23.010611
22.434569
21.807469
21.109776
20.438237
19.883280
19.333867
18.773440
18.200637
17.658591
17.120289
16.606401
16.022050
15.432312
14.864839
14.491607
14.018326
13.489957
13.056138
12.207961
11.414514
11.815632
11.606264
11.295860
10.900458
10.523405
10.153152
9.792300
9.773618
10.532949
10.170853
9.714751
9.483752
9.300837
9.041920
8.548270
8.369153
8.015628
6.957763
7.488533
7.297865
7.119183
6.608919
6.546238
6.550943
6.339801
6.173622
6.050000
5.793240
5.616947
5.434360
5.285462
5.128134
5.002503
4.882137
4.771188
4.679463
4.005161
4.533726
4.446224
4.335900
4.225502
4.307267
4.100839
4.026566
3.926539
3.851870
3.783569
3.749074
3.684232
3.653183
3.620141
3.562490
3.554870
3.564531
3.569889
3.512566
3.426109
3.351752
3.302833
3.267297
3.244449
3.244307
3.176448
3.163330
3.147201
3.135216
3.130909
3.114031
3.106463
3.099847
3.093634
3.090935
3.089345
3.089256
3.085942
3.084897
3.089168
3.091052
3.088120
3.090066
3.088490
3.084641
3.083452
3.079670
3.077158
3.075962
3.075527
3.072829
3.071574
3.069692
3.067045
3.057359
3.071115
3.068167
3.063142
3.059007
3.054652
3.054741
3.040058
3.075857
3.050605
3.051254
2.938822
3.045166
3.041146
3.107992
3.045156
3.049345
3.033979
3.044333
3.042814
3.042956
3.035433
3.033732
3.054736
3.045684
3.044556
3.043689
3.044779
3.057262
3.043803
3.045383
3.046063
3.055536
3.039974
3.043749
3.046842
3.026649
3.045357
3.044233
3.044436
3.041390
3.041150
3.041375
3.052194
3.041832
3.041560
3.041473
3.041488
3.041295
3.042505
3.042283
3.040887
3.040820
3.040085
3.040840
3.040595
3.047270
3.045376
3.040996
3.038539
3.041787
3.030812
