1977.369913
392.734465
7.394130
7.530476
7.686567
7.866053
8.087761
8.370666
8.686866
9.070743
9.198610
9.885244
10.395080
11.270737
12.148021
13.129130
13.921071
14.848631
15.616907
16.838879
17.579116
23.407502
25.711461
27.150755
27.869880
30.956703
30.690764
30.950447
35.052683
33.444615
30.489292
35.785984
28.836996
46.644021
44.046532
42.768813
41.079904
38.502294
34.967232
33.056466
31.696629
30.526365
51.810166
40.790041
36.189646
33.008997
30.659799
28.905256
27.290576
26.142014
25.334796
24.857924
24.625738
24.484333
24.339522
24.196503
24.062847
23.875272
23.697599
23.521161
23.355363
23.193857
23.040602
22.897522
22.758974
22.622918
22.506022
22.411370
22.338621
22.488044
22.214548
22.089965
21.968045
21.921011
21.908730
21.828173
21.779358
21.730197
21.658232
21.663133
21.583872
21.584890
21.583724
21.517018
21.458548
21.463223
21.476642
21.471297
21.495222
21.487667
21.493732
21.529479
21.538701
21.559969
21.598597
21.620458
21.641021
21.706032
21.770369
21.815205
21.908620
21.916714
22.014126
22.031979
22.109387
22.213363
22.267060
22.346458
22.466033
22.510113
22.582100
22.684983
22.819205
22.923972
22.991524
23.126641
23.214741
23.324323
23.422765
23.514735
23.663463
23.760008
67.178678
238.915848
354.290941
428.038213
456.823546
478.847874
463.606548
492.630191
509.804676
524.292924
535.105140
543.935486
552.035970
560.229780
567.716996
571.753217
574.771948
577.186930
579.419530
581.556513
583.572865
585.494693
587.062518
588.752261
590.229282
591.383652
380.191567
291.993501
225.320013
183.062362
163.765666
156.954595
155.326961
155.707722
158.401231
162.323964
166.261238
169.896894
172.134578
173.911897
176.932398
180.745532
184.607360
187.825699
190.217846
191.737609
192.478285
192.562249
192.141620
191.450295
190.875811
190.997265
192.256647
194.437224
196.001436
197.253543
198.397804
199.436941
200.382563
201.254639
202.042247
204.257982
208.387080
209.128934
209.802180
210.404711
210.927018
211.356052
211.702587
211.974976
212.173191
212.286169
212.333062
212.338063
212.303331
212.230341
212.194669
211.914365
